92
0  93.0 159.0
1  93.0 150.0
2  102.0 142.0
3  101.0 133.0
4  101.0 123.0
5  100.0 110.0
6  100.0 99.0
7  102.0 89.0
8  111.0 85.0
9  114.0 77.0
10  112.0 65.0
11  110.0 53.0
12  111.0 40.0
13  108.0 32.0
14  97.0 30.0
15  85.0 30.0
16  74.0 31.0
17  65.0 35.0
18  66.0 46.0
19  66.0 57.0
20  66.0 69.0
21  66.0 79.0
22  67.0 89.0
23  67.0 101.0
24  67.0 111.0
25  67.0 122.0
26  67.0 133.0
27  67.0 144.0
28  78.0 147.0
29  89.0 146.0
30 A950 112.0 97.0
31 A949 111.0 109.0
32 A948 110.0 120.0
33 A947 111.0 132.0
34 A946 113.0 144.0
35 A928 104.0 155.0
36 A927 81.0 154.0
37 A926 65.0 155.0
38  68.0 149.0
39 A925 57.0 145.0
40 A924 55.0 132.0
41 A923 56.0 121.0
42 A922 55.0 105.0
43  63.0 105.0
44 A909 52.0 84.0
45  59.0 98.0
46  59.0 73.0
47  63.0 73.0
48 A908 55.0 64.0
49  62.0 67.0
50  64.0 68.0
51 A907 56.0 53.0
52 A906 57.0 42.0
53  55.0 32.0
54 A902 56.0 24.0
55 A903 69.0 18.0
56  71.0 25.0
57  81.0 24.0
58 A904 80.0 18.0
59  100.0 24.0
60 A905 100.0 19.0
61 A937 123.0 41.0
62  102.0 53.0
63  101.0 46.0
64  101.0 40.0
65  92.0 40.0
66  102.0 59.0
67  97.0 65.0
68 A935 86.0 63.0
69 A938 101.0 76.0
70  102.0 82.0
71  77.0 87.0
72 A934 78.0 77.0
73 A939 92.0 85.0
74 A940 91.0 97.0
75 A942 91.0 107.0
76  96.0 107.0
77  96.0 97.0
78 A943 91.0 118.0
79  97.0 119.0
80 A945 90.0 130.0
81  97.0 131.0
82 A946 91.0 140.0
83  96.0 140.0
84  99.0 149.0
85  82.0 149.0
86 A929 78.0 140.0
87 A944 78.0 129.0
88 A932 78.0 116.0
89 A933 78.0 103.0
90 A936 81.0 44.0
91 Start 92.0 166.0
0 1
0 91
1 0
1 2
1 29
2 1
2 3
2 34
2 84
2 83
3 2
3 4
3 33
3 81
4 3
4 5
4 32
4 79
5 6
5 4
5 76
5 31
6 5
6 7
6 30
6 77
7 6
7 8
7 70
7 73
8 7
8 9
9 8
9 10
10 9
10 11
11 10
11 12
11 62
12 11
12 13
12 61
13 12
13 14
14 13
14 15
14 59
15 14
15 16
15 57
16 15
16 17
16 56
17 16
17 18
17 53
18 17
18 19
18 52
19 18
19 20
19 51
20 19
20 21
20 50
21 20
21 22
21 47
22 21
22 23
22 71
23 22
23 24
23 45
23 89
24 23
24 25
24 43
24 88
25 24
25 26
25 41
26 25
26 27
26 40
26 87
27 26
27 28
27 38
27 39
27 86
28 27
28 29
28 85
29 28
29 1
30 6
31 5
32 4
33 3
34 2
35 84
36 85
37 38
38 27
38 37
39 27
40 26
41 25
42 43
43 24
43 42
44 45
44 46
45 23
45 44
46 47
46 44
47 21
47 46
48 49
49 50
49 48
50 20
50 49
51 19
52 18
53 17
53 54
54 53
55 56
56 16
56 55
57 15
57 58
58 57
59 14
59 60
60 59
61 12
62 11
62 63
62 66
63 62
63 64
64 63
64 65
65 64
65 90
66 62
66 67
67 66
67 68
68 67
69 70
70 7
70 69
71 22
71 72
72 71
73 7
74 77
75 76
76 5
76 75
77 6
77 74
78 79
79 4
79 78
80 81
81 3
81 80
82 83
83 2
83 82
84 2
84 35
85 28
85 36
86 27
87 26
88 24
89 23
90 65
91 0
$